5379 5 93
62 7 63 73 11
00311 1 4
00349 5 6
00193 1 7
04428 2 5
02922 3 44
01342 5 -1
05047 5 2
01925 4 10
04498 4 18
05284 3 45
03006 5 7
01703 3 39
00027 2 7
05325 3 33
03285 4 6
03101 4 46
04113 1 60
02206 5 11
02469 1 62
04391 1 0
05159 1 30
04315 1 56
00227 3 12
03275 3 51
04605 2 0
01400 5 0
04701 4 49
04456 3 15
03482 2 -1
05154 1 40
03743 5 -1
01771 1 32
05116 1 17
00260 4 35
02596 4 9
01047 3 8
00665 5 3
01936 4 61
05323 1 3
03151 5 1
05145 3 46
05229 4 -1
01363 4 17
01833 5 6
04379 4 38
00730 5 2
01695 2 -1
02182 4 12
02087 2 5
05265 2 1
02283 5 0
03308 2 7
03150 3 3
05277 5 4
02198 1 23
00956 4 47
02919 1 27
04006 4 23
01951 1 31
03404 3 39
03517 1 55
01497 2 3
04633 5 2
03541 1 57
05048 5 3
03905 2 0
04349 5 8
02089 3 22
03199 4 24
00294 4 1
04593 1 17
01878 4 25
01897 3 27
04939 2 6
03605 4 22
03237 5 8
05356 3 1
04235 5 9
02320 5 7
03070 3 22
01224 1 52
05045 1 60
00566 1 30
02069 1 47
03684 4 43
04209 3 37
04314 3 15
04412 3 53
02954 2 1
05295 4 28
01519 4 23
01756 5 0
04474 2